1
2
3
4
5
6
7
8
9
10
11
13
14
15
16
17
18
19
20
21
22
23
24
25
30
31
32
33
41
42
43
44
45
46
47
60
92
93
733
1152
1157
1158
1160
1162
1163
1166
1167
1172
1331
1332
1345
1346
1365
1370
1375
1378
1381
1384
1385
1386
1387
1388
1389
1390
1462
1483
1500
2165
2326
2338
2345
2352
2356
2360
2368
2383
2386
2393
2670
2671
2672
2673
2674
2675
2676
2678
2743
2744
2749
2750
2751
2753
2754
2773
2775
2783
2784
2785
2786
2787
2788
2800
2801
2805
2806
2807
2808
2810
2813
2815
2820
2823
2824
2825
2826
2827
2828
2829
2860
2861
2862
2863
2864
2865
2866
2867
2871
2904
2907
2909
2910
2912
2914
2969
3174
3175
3176
3178
3184
3195
3206
3247
3976
3977
3978
3979
3980
3981
3982
3983
3984
3985
4011
4015
4048
4049
4050
4052
4053
4055
4057
4060
4515
4516
4517
4518
4519
5027
5799
5800
5804
5842
5844
5855
7379
7405
7406
7407
7408
7409
7410
7411
7412
7413
7414
7415
7416
7417
7418
7419
7420
7421
7422
7523
7524
7525
7526
7527
7528
7752
7753
7855
7988
8042
8085
8194
8195
8216
8218
8265
8266
8269
8270
8273
8276
8283
8284
8287
8290
8292
8294
8295
8298
8299
8302
8305
8308
8309
8311
8312
8314
8321
8324
8325
8326
8356
8358
8377
8378
8865
8948
8949
9086
9093
9655
9665
9678
9704
9791
9803
9806
9821
9830
9835
10335
10336
10508
10511
10513
10565
10568
10616
10667
10674
10678
10679
10682
10687
10688
10811
10829
10834
10876
10879
10880
10883
10886
10887
10891
10894
10896
10899
11027
11066
11141
11185
11193
11195
11270
11272
11304
11382
11392
11394
11396
11397
11418
11422
11433
11446
11448
11451
11471
11473
11474
11496
11506
11507
11509
11514
11516
11825
11828
11830
12140
12143
12148
12150
12153
12158
12163
12164
12166
12167
12169
12175
12178
12180
12224
12230
12231
12243
12283
12287
12288
12289
12295
12402
12404
12411
12417
12419
12423
12425
12427
12428
12430
12431
12436
12453
12502
12520
12521
12525
12527
12529
12533
12534
12538
12545
12546
12567
12608
12610
12615
12616
12622
12664
12679
12695
12718
12720
12721
12722
12723
12724
12824
12826
12829
12834
12838
12840
12841
12843
12845
12849
12856
12857
12858
12925
12926
12928
12931
12943
12948
12955
12967
12968
12979
12995
13001
13004
13009
13013
13016
13017
13018
13021
13034
13041
13042
13043
13106
13107
13112
13115
13120
13126
13127
13132
13153
13156
13164
13168
13171
13175
13183
13186
13191
13195
13196
13199
13204
13207
13209
13242
13250
13253
13259
13262
13265
13266
13269
13270
13271
13273
13274
13276
13283
13285
13288
13290
13293
13294
13295
13296
13297
13300
13302
13304
13306
13307
13308
13311
13312
13313
13315
13318
13319
13320
13323
13324
13325
13326
13328
13329
13330
13331
13335
13336
13338
13346
13348
13352
13354
13355
13356
13357
13358
13362
13363
13364
13365
13366
13367
13368
13369
13370
13372
13373
13374
13377
13378
13387
13388
13398
13407
13409
13410
13413
13420
13421
13427
13430
13431
13438
13441
13442
13445
13455
13456
13465
13475
13481
13482
13484
13485
13487
13491
13498
13500
13502
13503
13518
13522
13524
13527
13532
13536
13539
13540
13542
13546
13553
13554
13555
13556
13557
13561
13562
13564
13565
13568
13577
13578
13579
13580
13582
13584
13585
13589
13592
13593
13601
13608
13609
13614
13615
13616
13627
13629
13630
13636
13644
13645
13648
13656
13728
13767
13768
13769
13770
13771
13772
13773
13774
13775
13776
13800
13812
13906
13938
14009
14147
14156
14170
14171
14184
14244
14250
14255
14258
14318
14319
14371
14372
14373
14374
14378
14379
14397
14398
14400
15749
15772
15775
15854
15857
15859
15867
15869
15870
