11394
11396
11397
11825
11828
11830
12140
12175
12178
12180
12224
12230
12231
12243
12283
12287
12288
12289
12295
12402
12404
12411
12417
12419
12423
12425
12427
12428
12430
12431
12436
12453
12502
12520
12521
12525
12527
12529
12533
12534
12538
12545
12546
12567
12608
12610
12615
12616
12622
12664
12679
12695
12718
12720
12721
12722
12723
12724
12824
12826
12829
12834
12838
12840
12841
12843
12845
12849
12856
12857
12858
12925
12926
12928
12931
12943
12948
12955
12967
12968
12979
12995
13001
13004
13009
13013
13016
13017
13018
13042
13043
13106
13107
13112
13115
13120
13126
13127
13132
13164
13168
13171
13175
13183
13186
13191
13195
13196
13199
13204
13207
13209
13242
13250
13253
13259
13262
13265
13266
13269
13270
13271
13273
13274
13276
13283
13285
13288
13290
13293
13294
13295
13296
13297
13300
13302
13304
13306
13307
13308
13311
13312
13313
13315
13318
13319
13320
13323
13324
13325
13326
13328
13329
13330
13331
13335
13336
13338
13346
13348
13352
13354
13355
13356
13357
13358
13362
13363
13364
13365
13366
13367
13368
13369
13370
13372
13373
13374
13377
13378
13387
13388
13398
13409
13410
13421
13427
13430
13431
13438
13441
13442
13445
13455
13456
13465
13475
13481
13482
13484
13485
13487
13491
13498
13500
13502
13503
13518
13522
13524
13527
13532
13536
13539
13540
13542
13546
13553
13554
13555
13556
13557
13561
13562
13564
13565
13568
13577
13578
13579
13580
13582
13584
13585
13589
13592
13593
13601
13608
13609
13614
13615
13616
13627
13629
13630
13636
13644
13645
13648
13656
13767
13768
13769
13770
13771
13772
13773
13774
13775
13776
13800
13812
13906
13938
14318
14319
14371
14372
14373
14374
14378
14379
15749
15772
15775
15854
15869
15870
