3247
7379
7405
7406
7407
7408
7409
7410
7411
7412
7413
7414
7415
7416
7417
7418
7419
7420
7421
7422
7523
7524
7525
7526
7527
7528
7752
7753
7855
7988
8042
8085
8194
8195
8216
8218
8265
8266
8269
8270
8273
8276
8283
8284
8287
8290
8292
8294
8295
8298
8299
8302
8305
8308
8309
8311
8314
8321
8324
8325
8326
8948
8949
9086
9093
9655
9665
9678
9704
9821
9830
9835
10335
10336
10508
10511
10513
10565
10568
10616
10876
10879
10880
10883
10886
10887
10891
10894
10896
10899
11027
11066
11141
11185
11193
11195
11270
11272
11304
11382
11392
11418
11422
11433
11446
11448
11451
11471
11473
11474
11496
11506
11507
11509
11514
11516
13728
14009
14244
14250
14255
14258
